; generated — from assets/maps/overworld.txt; do not hand-edit
layer lower
0,41 4,41 8,41 4,41 0,41 4,41 0,41 4,41 0,41 4,41 0,41 4,41 0,41 4,41 0,42 4,42 4,42 8,42 4,42 4,42 4,42 0,43 4,42 4,42 0,43 4,42 4,42 4,42 4,42 4,42 4,43 4,41 0,41 4,41 0,41 4,41 8,43 4,42 4,42 4,42 4,43 4,41 0,41 4,41 0,41 4,41 0,44 4,41 0,41 4,41 0,41 4,41 0,44 4,41 0,41 4,41 0,41 4,41 0,44 4,44 0,41 4,41 0,41 4,41 0,41 4,41 0,41 4,41 0,41 4,41 0,41 4,41 0,41 4,41 0,41 4,41 0,41 4,41 0,41 4,41 0,44 4,41 0,41 4,41 0,41 4,41 0,41 4,41 0,41 4,41 0,44 4,41 0,41 4,44 0,41 4,41 0,44 4,44 0,41 4,41 8,41 4,44 0,44 4,41 8,41 4,41 0,41 8,44 8,41 4,41 0,41 4,41
0,45 4,45 8,45 0,46 8,45 0,46 8,45 0,46 8,45 0,42 4,42 4,42 4,42 0,43 4,46 8,46 8,46 8,46 8,46 8,46 8,46 8,46 8,46 8,46 8,46 8,46 8,46 8,46 8,46 8,46 0,47 4,42 4,42 4,42 8,42 4,42 4,46 8,46 8,46 8,46 0,47 4,42 0,43 4,42 4,43 0,46 8,45 4,45 8,45 0,46 8,45 0,46 0,45 4,45 8,45 0,46 8,45 4,45 8,45 0,46 8,45 0,46 4,47 0,46 4,47 0,46 8,45 0,46 8,45 0,46 8,45 0,46 8,45 0,46 8,45 8,47 8,45 0,42 4,42 4,42 4,42 4,42 4,42 4,42 4,42 4,42 4,42 0,43 4,42 4,42 4,42 4,42 4,42 4,42 4,42 4,43 8,45 0,46 8,45 0,46 4,47 0,46 8,45 0,46 8,45 0,46 8,45 0,46 4,47 0,46 0,45 0,46
0,41 4,41 0,41 4,41 0,41 4,41 0,42 4,42 4,42 4,46 8,46 8,46 8,46 8,46 0,48 4,48 8,48 0,49 4,49 8,49 8,49 0,50 0,49 4,50 8,50 0,51 4,51 4,51 8,51 0,52 4,52 8,46 8,46 8,46 8,46 8,46 0,48 4,48 8,52 0,53 4,52 8,46 8,46 8,46 0,47 4,43 0,41 4,41 0,41 8,44 0,41 4,41 0,41 4,41 0,41 4,41 0,44 4,41 0,41 4,41 0,41 4,41 0,41 4,41 0,41 4,44 0,41 4,41 0,41 4,41 0,41 8,43 0,43 4,42 4,42 4,42 8,42 4,46 8,46 8,46 8,46 8,46 8,46 8,46 8,46 8,46 8,46 8,46 8,46 8,46 8,46 8,46 8,46 8,46 8,46 0,47 4,42 4,42 4,42 8,42 4,42 4,43 0,41 4,41 0,41 4,41 0,41 4,41 0,41 4,41 0,41 4,41
8,45 0,46 8,45 0,46 0,42 4,42 4,46 8,46 8,46 0,48 4,53 8,53 8,50 0,54 4,54 8,54 0,0 0,0 0,0 0,0 0,0 0,0 0,0 0,0 1,0 2,0 2,0 2,0 2,0 0,55 4,55 8,55 0,51 4,51 8,55 0,56 4,56 8,56 0,0 0,57 4,57 8,57 0,58 4,58 4,52 0,47 4,43 0,46 8,45 0,46 8,45 0,46 8,45 0,46 8,45 0,46 8,45 0,46 8,45 0,46 8,45 0,46 8,45 4,45 8,45 0,46 8,45 0,46 0,42 8,42 4,42 4,46 8,46 8,46 8,46 8,46 8,46 0,48 8,58 0,59 4,59 8,59 0,60 4,60 8,60 0,60 4,59 4,59 4,60 0,61 0,61 4,61 4,59 8,61 0,62 4,52 8,46 8,46 8,46 8,46 8,46 0,47 4,42 4,42 4,43 0,46 8,45 0,46 8,45 0,46 8,45 0,46
0,41 4,41 0,41 0,42 4,46 8,46 0,48 4,53 4,62 4,56 8,62 2,0 2,0 2,0 2,0 3,0 0,0 0,0 0,0 4,0 0,0 0,0 0,0 5,0 2,0 6,0 2,0 6,0 2,0 2,0 2,0 2,0 2,0 2,0 2,0 2,0 2,0 3,0 0,0 0,0 0,0 0,0 7,0 0,63 4,63 4,52 0,47 4,43 0,41 4,41 0,41 4,44 0,41 4,41 0,41 4,41 0,41 4,41 8,41 4,41 0,41 8,44 0,41 4,41 0,41 4,41 8,63 4,42 4,46 8,46 8,46 0,48 8,58 0,64 8,60 4,64 8,60 8,64 0,65 8,0 8,0 8,0 8,0 8,0 8,0 8,0 8,0 8,0 8,0 8,0 8,0 8,0 8,0 8,0 4,65 8,65 0,66 0,66 0,60 4,66 8,66 4,52 8,46 8,46 0,47 4,42 4,43 4,41 0,41 4,41 0,41 4,41
8,45 4,45 0,42 4,46 0,48 4,53 0,67 8,62 2,0 2,0 2,0 2,0 9,0 10,0 9,0 11,0 0,1 1,1 0,0 0,0 2,1 0,0 3,1 4,1 9,0 10,0 9,0 10,0 9,0 10,0 9,0 10,0 9,0 10,0 9,0 10,0 9,0 11,0 1,1 0,0 5,0 5,1 6,1 7,1 4,67 8,67 4,52 0,47 4,43 0,46 8,45 0,46 0,45 0,46 8,45 0,46 8,45 0,46 8,45 8,47 8,45 0,46 8,45 0,46 0,42 4,42 4,46 8,46 0,48 0,68 4,68 8,68 0,65 8,0 8,0 8,0 8,0 8,0 8,0 8,0 8,0 8,0 8,0 8,0 8,1 9,1 10,1 11,1 10,1 0,2 1,2 11,1 2,2 8,0 8,0 8,0 8,0 8,0 8,0 8,0 0,69 4,69 8,69 0,70 4,52 8,46 0,47 4,42 4,43 0,46 8,45 0,46
0,41 0,42 4,46 0,48 4,70 8,70 2,0 2,0 2,0 6,0 2,0 6,0 2,0 6,0 2,0 6,0 2,0 11,0 1,1 0,0 0,0 0,0 0,0 3,2 4,1 6,0 2,0 6,0 2,0 6,0 2,0 6,0 2,0 6,0 2,0 6,0 2,0 6,0 11,0 0,1 2,0 2,0 4,2 5,2 5,2 0,71 4,71 8,46 8,71 4,41 0,41 4,41 0,44 4,41 0,41 4,41 0,41 4,41 0,41 4,44 0,44 4,41 0,41 0,42 4,46 8,46 0,48 0,72 4,72 8,72 8,0 8,0 8,0 8,0 6,2 7,2 7,2 7,2 7,2 7,2 7,2 7,2 8,2 8,0 8,0 9,2 8,0 10,2 11,2 9,2 8,0 9,2 11,2 9,2 8,0 10,2 0,3 1,3 8,0 8,0 8,0 8,0 8,0 0,73 4,73 0,70 4,52 8,46 0,47 8,73 0,41 4,41
0,42 4,46 0,48 0,74 4,74 2,0 2,0 10,0 9,0 10,0 9,0 10,0 9,0 10,0 9,0 10,0 9,0 10,0 2,3 3,3 0,0 4,3 0,0 0,0 3,2 5,3 5,3 5,3 4,1 10,0 9,0 10,0 6,3 5,3 5,3 5,3 4,1 10,0 9,0 10,0 9,0 2,0 2,0 3,0 0,0 0,0 8,74 4,52 0,47 4,43 4,47 4,45 8,45 0,46 8,45 0,46 4,47 4,45 8,45 0,46 8,45 0,46 0,42 4,46 0,48 8,58 0,75 4,75 8,0 8,0 8,0 11,1 8,0 7,3 6,1 8,3 7,1 9,3 7,1 7,1 7,1 7,1 10,3 11,3 8,0 0,4 10,1 11,1 10,1 11,1 10,1 0,4 10,1 1,4 10,1 11,1 10,1 1,4 1,2 0,4 10,1 2,4 8,0 8,0 8,0 8,75 0,76 8,66 4,52 0,47 4,43 0,46
4,76 8,46 8,76 0,77 2,0 2,0 2,0 6,0 2,0 6,0 2,0 6,0 2,0 6,0 2,0 6,0 2,0 6,3 3,4 0,0 0,0 4,4 0,0 0,0 0,0 0,0 0,0 0,0 3,2 5,3 5,3 5,3 3,4 0,0 0,0 0,0 3,2 4,1 2,0 6,0 2,0 6,0 2,0 2,3 3,3 0,0 4,77 4,71 8,46 8,71 0,41 4,41 0,41 4,41 0,41 4,41 0,41 4,41 0,41 4,41 0,41 0,42 4,46 0,48 8,77 0,78 8,0 8,0 8,0 9,2 8,0 9,2 8,0 8,0 5,4 6,4 6,4 6,4 6,4 6,4 6,4 6,4 7,4 8,0 8,0 10,2 11,2 9,2 11,2 9,2 8,0 9,2 8,4 9,2 8,0 9,2 8,0 9,2 8,0 9,2 9,4 10,2 10,4 9,2 8,0 8,0 8,0 4,78 8,78 4,52 0,47 4,43
8,46 0,48 0,79 5,3 5,3 4,1 9,0 10,0 9,0 10,0 9,0 10,0 9,0 10,0 9,0 6,3 5,3 3,4 0,0 0,0 2,1 4,3 2,1 4,3 2,1 11,4 2,1 0,0 0,0 0,0 0,0 0,0 0,0 0,0 2,1 0,0 0,0 3,2 4,1 10,0 9,0 10,0 6,3 3,4 0,0 0,0 0,0 4,79 8,46 8,71 8,45 0,46 8,45 0,46 8,45 0,46 8,45 0,46 8,45 0,46 8,45 8,79 8,46 0,80 4,80 8,0 8,0 0,2 8,1 11,1 2,2 11,1 10,1 8,0 8,0 8,0 8,0 8,0 8,0 8,0 8,0 8,0 8,0 8,0 10,1 11,1 10,1 11,1 10,1 2,4 8,1 9,1 10,1 11,1 8,1 0,2 10,1 11,1 10,1 11,1 8,1 0,2 0,5 11,1 1,2 0,2 8,0 8,0 8,80 0,81 8,46 4,81
8,46 8,81 0,82 0,0 0,0 3,2 5,3 5,3 5,3 5,3 1,5 5,3 5,3 5,3 5,3 3,4 0,0 0,0 0,0 2,5 3,5 4,4 4,5 4,0 0,0 4,4 0,0 4,0 0,0 4,0 0,0 5,5 3,5 4,0 0,0 4,4 0,0 0,0 3,2 5,3 1,5 5,3 3,4 0,0 0,0 0,0 4,82 8,82 8,46 0,83 0,41 4,41 0,41 4,41 0,41 4,41 0,41 4,41 0,41 8,44 0,42 4,46 0,48 4,83 8,0 8,0 8,0 10,2 8,0 10,2 8,0 9,2 8,0 9,2 8,4 6,5 8,0 9,2 8,0 9,2 8,0 9,2 8,0 9,2 10,4 9,2 10,4 7,5 8,0 9,2 8,0 10,2 9,4 9,2 9,4 9,2 8,0 8,5 11,2 9,2 11,2 9,2 10,4 8,5 8,0 9,2 10,4 8,0 8,0 8,83 4,52 8,46
8,46 0,84 0,0 0,0 0,0 0,0 0,0 0,0 0,0 0,0 9,5 0,0 0,0 0,0 0,0 0,0 0,0 4,3 2,1 4,3 2,1 4,3 2,1 4,3 2,1 4,3 2,1 4,3 2,1 11,4 2,1 11,4 2,1 4,3 10,5 4,3 2,1 0,0 0,0 0,0 9,5 0,0 0,0 0,0 0,0 0,0 4,84 8,84 0,85 4,85 8,45 0,46 8,45 0,46 8,45 8,47 0,45 0,46 8,45 0,46 8,79 8,46 8,85 0,86 8,0 11,1 10,1 11,1 10,1 9,1 8,1 0,2 11,5 11,1 10,1 11,1 10,1 11,1 10,1 0,4 8,1 0,2 8,1 11,1 10,1 11,1 10,1 11,1 10,1 1,4 8,1 0,2 8,1 0,2 10,1 11,1 10,1 11,1 10,1 0,4 10,1 0,4 8,1 0,4 10,1 11,1 10,1 11,1 8,0 4,86 8,86 8,46
8,46 0,87 0,0 4,0 4,5 4,0 0,0 4,0 0,0 0,0 0,0 0,0 0,0 5,0 0,1 1,1 0,0 0,0 0,6 1,6 2,6 3,6 4,6 5,6 6,6 0,0 0,0 0,0 0,0 0,0 0,0 0,0 0,0 0,0 0,0 0,0 0,0 4,0 0,0 0,0 0,0 0,0 4,5 0,0 0,0 4,87 8,87 8,46 8,71 4,41 0,41 4,41 0,41 4,41 0,41 4,41 0,41 4,41 0,41 4,41 8,79 8,46 0,88 8,0 8,0 10,2 11,2 9,2 8,4 9,2 9,4 10,2 8,0 9,2 8,0 9,2 8,0 9,2 8,0 9,2 8,0 9,2 8,0 9,2 8,0 9,2 9,4 9,2 8,0 8,5 11,2 6,5 8,0 7,5 10,4 10,2 8,0 6,5 11,2 7,5 8,0 9,2 8,0 9,2 8,4 9,2 8,0 9,2 8,0 8,0 4,88 8,46
8,46 8,88 0,0 0,0 0,0 0,0 0,0 0,0 0,0 0,0 0,0 5,0 0,1 2,0 9,0 11,0 0,1 1,1 7,6 8,6 9,6 10,6 11,6 0,7 1,7 0,0 5,0 0,1 0,1 0,1 0,1 0,1 0,1 0,1 1,1 0,0 0,0 0,0 2,1 4,3 2,1 11,4 0,0 0,0 0,89 4,89 8,84 0,85 8,89 0,46 8,45 0,46 8,45 0,46 4,47 4,45 8,45 0,46 8,45 4,45 8,79 8,46 0,90 4,90 8,0 11,1 10,1 0,2 10,1 0,2 10,1 11,1 10,1 11,1 10,1 0,2 10,1 11,1 10,1 11,1 10,1 9,1 11,5 11,1 10,1 11,1 10,1 9,1 1,2 0,2 10,1 0,2 10,1 11,1 10,1 11,1 10,1 0,2 8,1 0,2 1,2 0,2 8,1 11,1 10,1 11,1 10,1 9,1 8,0 8,90 0,91 8,46
8,46 4,91 0,0 5,0 0,1 0,1 0,1 0,1 0,1 1,1 0,0 1,0 2,0 6,0 2,0 6,0 2,0 3,0 2,7 3,7 4,7 5,7 6,7 7,7 8,7 9,7 1,0 6,0 2,0 6,0 2,0 6,0 2,0 6,0 11,0 0,1 1,1 0,0 0,0 0,0 0,0 0,0 0,0 8,91 0,92 8,84 0,85 8,89 0,41 4,41 0,41 4,41 0,44 4,41 0,41 4,41 0,41 4,41 0,41 4,41 4,92 8,92 0,93 4,93 8,0 8,0 8,0 10,2 8,0 9,2 9,4 9,2 8,0 9,2 8,0 9,2 8,0 6,5 8,0 10,2 8,0 9,2 8,0 9,2 8,0 9,2 8,0 9,2 8,0 9,2 8,0 9,2 8,0 8,5 11,2 10,2 11,2 9,2 8,0 9,2 9,4 10,2 8,0 6,5 8,0 9,2 11,2 8,0 8,0 8,93 8,84 8,46
8,46 0,94 4,94 2,0 9,0 10,0 9,0 10,0 9,0 11,0 10,7 5,3 5,3 4,1 9,0 6,3 5,3 3,4 11,7 0,8 1,8 2,8 3,8 4,8 5,8 6,8 1,0 10,0 9,0 10,0 9,0 10,0 9,0 10,0 9,0 10,0 3,0 0,0 0,0 0,0 8,94 0,95 4,95 8,95 8,84 0,85 4,85 0,46 8,45 4,45 8,45 4,45 4,47 8,47 4,47 0,46 8,45 0,46 8,45 4,45 8,45 0,96 8,46 4,96 8,96 8,0 8,0 11,1 10,1 0,2 8,1 9,1 10,1 11,1 10,1 11,1 10,1 11,1 0,5 0,2 10,1 11,1 1,2 11,1 10,1 11,1 10,1 2,4 10,1 11,1 10,1 1,4 10,1 0,2 1,2 0,4 10,1 11,1 10,1 0,2 10,1 11,1 10,1 11,1 10,1 11,1 8,0 8,0 0,97 4,97 8,46 0,85
8,46 0,93 8,97 2,0 2,0 2,0 2,0 6,0 2,0 6,0 3,0 0,0 0,0 3,2 5,3 3,4 0,0 0,0 7,8 8,8 9,8 10,8 11,8 0,9 1,9 2,9 1,0 6,0 2,0 6,0 2,0 6,0 2,0 6,0 6,3 5,3 3,4 0,0 0,0 0,98 4,98 8,84 8,46 8,46 0,85 4,85 0,41 4,41 0,41 4,41 0,41 4,41 0,41 4,41 0,41 4,41 8,41 4,41 0,41 4,41 0,41 4,92 8,92 0,93 8,98 0,99 8,0 8,0 8,0 6,5 11,2 10,2 8,0 9,2 8,0 10,2 11,2 6,5 8,4 9,2 8,0 9,2 11,2 9,2 8,0 9,2 8,0 10,2 8,0 9,2 8,0 9,2 8,0 7,5 8,0 1,3 0,3 10,2 8,0 9,2 8,0 9,2 8,0 9,2 8,0 8,0 8,0 4,99 8,99 8,84 0,85 4,85
8,92 8,46 0,100 4,100 8,100 2,0 2,0 2,0 2,0 2,0 3,0 0,0 0,0 0,0 0,0 0,0 0,0 4,3 3,9 4,9 5,9 6,9 7,9 8,9 9,9 10,9 3,2 5,3 5,3 5,3 5,3 5,3 5,3 5,3 11,9 0,0 0,0 8,94 0,101 8,95 8,84 0,85 4,101 4,101 4,85 0,46 0,45 0,46 8,45 4,45 8,45 0,46 8,45 0,46 8,45 0,46 8,45 0,46 0,45 0,46 8,45 0,46 4,92 8,92 0,93 8,101 0,102 4,102 8,0 8,0 8,0 11,1 2,2 9,1 10,1 11,1 10,1 11,1 10,1 11,1 10,1 1,4 10,1 11,1 2,2 11,1 10,1 11,1 1,2 11,1 1,2 11,1 1,2 11,1 10,1 11,1 10,1 11,1 10,1 11,1 10,1 11,1 1,2 9,1 10,1 8,0 8,102 0,103 8,84 8,46 8,71 0,46
4,92 8,92 8,46 0,93 4,103 8,103 0,104 4,104 2,0 8,104 0,105 0,0 0,0 0,0 0,0 0,0 0,0 2,5 0,0 4,0 0,0 4,0 0,10 4,0 0,0 0,0 0,0 0,0 0,0 0,0 0,0 0,0 0,0 0,0 4,105 8,105 0,106 4,106 8,84 8,46 0,85 4,85 0,41 4,41 0,41 4,41 0,41 4,41 0,41 4,41 0,41 4,41 0,41 4,41 0,41 4,41 0,41 4,41 0,41 4,41 0,41 4,41 0,41 4,92 8,92 8,46 0,93 8,106 0,107 4,107 8,0 8,0 8,0 8,0 8,0 9,2 10,4 1,3 11,2 10,2 8,0 8,5 8,0 8,5 8,0 9,2 8,0 9,2 11,2 9,2 8,0 8,5 8,0 1,3 8,0 10,2 8,0 7,5 11,2 8,5 11,2 8,5 10,4 9,2 8,0 8,0 8,107 0,108 4,52 8,46 8,71 4,41
8,45 4,92 4,101 8,92 8,46 8,46 0,93 4,103 4,108 8,108 0,109 4,109 8,109 0,110 4,110 8,110 0,0 0,0 0,0 0,0 0,0 0,0 0,0 0,0 0,0 0,0 0,0 0,0 0,0 0,111 4,111 8,111 0,112 4,112 4,106 8,84 8,46 8,46 0,85 4,101 8,112 0,46 8,45 0,46 8,45 0,46 8,45 0,46 8,45 0,46 8,45 4,45 8,45 0,46 8,45 0,46 8,45 0,46 0,45 0,46 8,45 0,46 8,45 0,46 4,92 4,101 8,92 8,46 0,93 8,106 0,113 4,113 8,113 8,0 8,0 8,0 8,0 8,0 8,0 8,0 1,2 11,1 1,2 0,4 10,1 9,1 10,1 11,1 10,1 11,1 10,1 0,4 8,1 9,1 1,2 11,1 1,2 11,1 2,2 2,4 2,2 11,1 10,1 11,1 10,1 8,0 8,0 0,114 0,81 8,46 8,71 0,46
0,41 4,41 0,41 4,92 4,101 4,101 8,92 8,46 8,46 8,46 8,46 8,46 8,46 8,46 0,93 4,114 8,114 0,115 0,110 4,115 0,112 8,109 8,115 8,111 0,112 0,116 0,115 0,110 4,116 8,116 8,84 8,46 8,46 8,46 8,46 0,85 4,101 4,101 8,112 4,41 0,41 4,41 0,41 8,44 0,41 4,41 0,41 4,41 0,41 4,41 0,41 4,41 0,41 4,41 0,41 4,41 0,41 4,41 0,41 4,41 8,41 4,41 0,41 4,41 0,41 4,44 0,117 4,101 8,92 8,46 8,46 0,93 4,117 8,117 0,118 4,118 8,118 0,119 4,119 8,0 8,0 8,0 8,0 8,0 8,0 8,0 8,0 8,0 8,0 8,0 8,0 8,0 8,0 9,2 8,0 9,2 8,0 9,2 8,0 10,2 8,0 9,2 8,0 7,5 8,0 9,2 8,0 8,0 8,119 4,52 0,47 4,43
0,45 0,46 8,45 0,46 8,45 0,46 4,92 4,101 4,101 4,101 0,120 4,101 4,101 4,101 8,92 8,46 8,46 8,46 8,46 8,46 8,46 8,46 8,46 8,46 8,46 8,46 8,46 8,46 8,46 8,46 0,85 4,101 4,101 4,101 4,101 4,85 4,47 8,47 8,45 0,46 8,45 4,45 8,45 0,46 8,45 0,46 8,45 4,45 8,45 0,46 8,45 0,46 8,45 0,46 8,45 4,45 8,45 4,45 4,47 0,46 8,45 0,46 8,45 0,46 8,45 0,46 8,45 0,46 4,92 4,101 4,101 8,92 8,46 8,46 8,46 8,46 8,46 0,93 8,106 4,120 8,118 8,120 0,121 0,118 4,121 0,121 0,118 4,118 8,121 0,122 1,10 8,0 10,1 1,4 8,1 11,1 10,1 0,2 10,1 11,1 10,1 0,2 0,5 11,1 10,1 11,1 8,1 8,0 4,122 8,86 8,46 8,71
0,44 4,41 0,41 4,41 0,41 8,44 0,41 4,41 0,41 4,41 0,41 4,41 0,41 8,44 4,92 4,101 4,101 0,120 4,101 4,101 4,101 4,101 4,101 4,101 4,101 4,101 4,101 4,101 8,122 4,101 4,85 4,41 0,41 4,41 0,44 4,41 0,44 4,41 0,41 4,41 8,41 4,41 0,41 0,42 4,42 4,42 4,42 0,43 4,42 4,42 4,42 4,42 4,42 4,42 0,43 4,42 4,42 4,42 4,42 4,42 4,42 4,42 4,42 4,42 4,42 4,42 4,42 4,43 0,41 4,41 0,41 4,92 4,101 4,101 4,101 4,101 4,101 8,92 8,46 8,46 8,46 8,46 8,46 8,46 8,46 8,46 8,46 8,46 0,93 0,123 8,0 8,0 8,0 9,2 8,0 10,2 8,0 10,2 8,4 9,2 8,4 9,2 8,4 1,3 8,0 9,2 8,0 8,0 8,0 4,123 8,46 8,71
8,45 0,46 8,45 0,46 0,45 8,47 8,45 4,45 8,45 0,46 8,45 0,46 8,45 8,47 8,45 4,45 8,45 0,46 8,45 0,46 8,45 0,46 8,45 4,45 4,47 0,46 8,45 0,46 8,45 0,46 8,45 0,46 0,45 0,46 8,45 0,46 4,47 0,46 8,45 0,46 8,45 0,42 4,42 4,46 8,46 8,46 8,46 8,46 8,46 8,46 8,46 8,46 8,46 8,46 8,46 8,46 8,46 8,46 8,46 8,46 8,46 8,46 8,46 8,46 8,46 8,46 8,46 0,47 4,42 4,42 4,43 0,46 8,45 0,46 8,45 0,46 8,45 4,92 8,122 4,101 0,120 4,101 4,101 4,101 4,101 4,101 4,101 8,92 8,46 8,123 8,0 11,1 2,2 11,1 10,1 11,1 8,1 11,1 0,5 9,1 10,1 11,1 10,1 0,2 8,1 0,4 2,2 11,1 8,0 0,124 8,46 8,71
0,41 8,44 8,41 4,41 8,41 4,41 0,41 8,44 0,44 4,41 0,41 4,41 0,41 4,41 8,41 0,42 4,42 4,42 4,42 4,43 0,41 4,41 0,41 4,41 0,41 4,41 0,41 4,41 0,41 4,41 0,41 4,41 0,41 8,44 0,41 4,41 0,41 4,44 0,41 8,44 0,42 4,46 8,46 0,48 4,124 8,124 0,125 4,125 8,125 0,126 4,126 8,126 0,127 4,127 4,127 8,127 0,128 4,128 8,128 0,129 0,128 0,128 4,129 8,129 0,130 4,130 8,130 4,52 8,46 8,46 0,47 4,42 4,43 4,41 0,41 4,41 0,41 4,41 0,41 4,41 0,41 4,41 0,41 4,41 0,41 4,41 0,41 8,79 8,46 0,131 8,0 9,2 8,0 9,2 11,2 9,2 8,4 9,2 0,3 9,2 8,0 9,2 8,4 1,3 8,0 9,2 8,0 9,2 8,0 0,124 8,46 4,131
8,45 0,46 8,45 0,46 8,45 0,46 8,45 0,46 8,45 0,42 4,42 8,42 4,42 4,42 4,42 4,46 8,46 8,46 8,46 0,47 4,42 8,42 4,42 4,42 4,42 4,42 4,42 4,42 4,42 4,42 4,42 4,42 4,43 0,46 8,45 0,46 8,45 0,46 0,45 0,42 4,46 0,48 4,124 8,131 0,132 2,10 2,10 2,10 2,10 2,10 3,10 2,10 4,10 7,1 7,1 7,1 7,1 7,1 7,1 7,1 7,1 7,1 5,10 2,10 2,10 2,10 4,132 8,132 0,133 4,133 4,52 8,46 0,47 4,42 4,43 0,46 8,45 0,46 8,45 0,46 8,45 0,46 8,45 0,46 4,47 0,46 8,45 8,79 8,46 8,133 8,0 11,1 2,2 11,1 10,1 11,1 2,2 11,1 11,5 0,2 8,1 1,4 10,1 11,1 2,2 0,2 8,1 11,1 8,0 0,134 8,46 0,47
0,44 8,44 0,41 4,44 0,41 4,41 0,41 0,42 4,42 4,46 8,46 8,46 8,46 8,46 8,46 0,48 4,134 8,134 0,135 4,52 8,46 8,46 8,46 8,46 8,46 8,46 8,46 8,46 8,46 8,46 8,46 8,46 0,47 4,42 8,73 4,41 0,41 4,41 0,42 4,46 0,48 4,135 8,135 2,10 6,10 7,10 8,10 9,10 10,10 10,10 11,10 10,10 0,11 7,1 7,1 7,1 7,1 7,1 1,11 2,11 3,11 7,1 4,11 10,10 10,10 5,11 2,10 2,10 2,10 0,136 4,136 8,136 4,52 8,46 0,47 8,73 0,41 4,41 0,41 4,41 0,41 4,41 0,41 4,41 0,41 4,41 0,42 4,46 0,48 0,137 8,0 8,5 10,4 8,5 8,0 9,2 8,0 9,2 11,2 8,5 8,0 9,2 8,0 10,2 11,2 8,5 8,0 10,2 8,0 4,137 4,52 8,46
8,45 0,46 8,45 0,42 4,42 4,42 4,42 4,46 8,46 0,48 8,137 0,138 4,138 8,138 0,139 4,139 8,139 6,11 0,140 4,140 8,140 0,141 8,125 4,141 0,125 8,125 4,141 0,125 4,125 8,129 8,141 8,136 4,52 8,46 0,47 4,42 8,73 0,46 8,79 8,46 0,142 4,142 2,10 2,10 7,11 8,11 9,11 10,11 7,1 8,3 7,1 7,1 7,1 7,1 7,1 7,1 11,11 0,12 1,12 2,12 3,12 7,1 7,1 7,1 7,1 4,11 10,10 5,11 2,10 2,10 2,10 8,142 0,143 8,130 4,52 0,47 4,43 0,46 8,45 0,46 8,45 0,46 8,45 0,46 8,45 0,46 8,79 8,46 8,85 4,143 8,0 1,4 2,2 11,1 8,1 11,1 10,1 1,4 10,1 0,2 10,1 11,1 10,1 9,1 1,2 0,2 11,5 11,1 8,0 4,122 8,86 8,46
0,41 4,44 0,42 4,46 8,46 8,46 8,46 0,48 8,143 0,144 4,144 4,12 5,12 6,11 6,11 6,11 6,12 2,10 7,12 6,12 2,10 2,10 2,10 2,10 2,10 2,10 2,10 2,10 2,10 2,10 2,10 8,144 0,145 4,145 4,52 8,46 0,47 4,42 4,46 0,48 8,145 2,10 2,10 2,10 8,12 9,12 10,12 11,12 0,13 7,1 9,3 8,3 7,1 7,1 7,1 7,1 1,13 2,13 3,13 4,13 5,13 6,13 7,1 7,1 7,1 7,1 9,3 4,11 10,10 5,11 2,10 2,10 2,10 0,146 4,146 4,52 0,47 4,43 0,41 4,41 0,41 4,41 0,41 4,41 0,41 4,41 8,79 8,46 0,88 8,0 8,0 9,2 8,0 9,2 8,0 9,2 8,0 9,2 8,0 10,2 8,0 9,2 8,4 10,2 11,2 6,5 10,4 10,2 8,0 8,0 8,146 8,46
8,45 0,46 8,79 8,46 0,147 8,124 0,125 4,147 8,147 7,13 8,13 9,13 10,13 2,10 2,10 2,10 2,10 2,10 2,10 2,10 11,13 0,14 1,14 0,14 1,14 2,14 3,14 2,10 2,10 4,14 5,14 6,14 6,14 0,148 4,148 8,148 8,46 8,46 8,46 0,142 0,149 2,10 2,10 7,14 8,14 9,14 10,14 11,14 0,15 1,15 8,3 7,1 7,1 7,1 7,1 2,15 3,15 4,15 5,15 6,15 7,15 8,15 9,15 7,1 7,1 7,1 9,3 9,3 1,15 4,11 5,11 2,10 2,10 2,10 4,149 8,149 4,52 0,47 8,73 0,46 4,47 0,46 4,47 0,46 8,45 0,46 8,79 8,46 0,90 0,150 8,0 2,4 10,1 11,1 11,5 11,1 10,1 11,1 10,1 11,1 10,1 0,2 10,1 1,4 8,1 11,1 2,2 11,1 8,0 4,150 8,150 8,46
0,41 4,41 8,79 8,46 0,151 10,15 2,10 10,15 11,15 2,10 2,10 2,10 0,16 1,16 2,10 2,10 2,16 3,16 4,16 5,16 11,13 5,16 11,13 5,16 11,13 5,16 2,16 2,10 4,14 6,14 6,14 6,16 6,14 6,14 6,14 4,151 4,52 8,46 8,46 8,151 2,10 2,10 2,10 4,10 7,1 7,1 7,1 7,1 7,1 9,3 7,1 7,1 7,1 7,1 7,1 7,16 8,16 9,16 10,16 11,16 0,17 1,17 2,17 3,17 7,1 7,1 4,17 7,1 7,1 1,15 4,11 5,11 2,10 2,10 2,10 0,146 0,152 8,46 8,71 4,41 0,41 4,41 0,41 4,41 0,41 4,44 0,117 8,92 0,93 4,152 8,0 9,2 8,4 10,2 8,0 9,2 8,0 9,2 8,0 9,2 8,0 9,2 8,0 9,2 8,0 9,2 8,0 1,3 8,0 8,152 8,84 8,46
8,45 0,42 4,46 0,48 0,153 5,17 6,17 7,17 8,17 9,17 10,17 11,17 0,18 1,18 2,18 2,10 2,10 2,14 3,14 3,18 1,14 0,14 1,14 11,13 11,13 2,10 1,14 2,10 4,18 5,18 6,18 5,18 7,18 5,18 6,14 4,153 8,153 8,46 8,46 0,154 4,154 2,10 2,10 4,10 7,1 7,1 7,1 7,1 9,3 7,1 7,1 7,1 7,1 8,18 9,18 10,18 11,18 0,19 1,19 2,19 3,19 4,19 5,19 6,19 7,19 7,1 7,1 7,1 9,3 7,1 7,1 5,10 2,10 2,14 2,10 2,10 8,154 8,46 8,71 0,46 8,45 0,46 8,45 0,46 8,45 0,46 8,45 8,79 8,46 8,133 8,0 11,1 10,1 11,1 8,1 9,1 10,1 11,1 10,1 11,1 10,1 11,1 10,1 11,1 10,1 11,1 10,1 11,1 8,0 0,124 8,46 0,85
0,41 8,79 8,46 0,155 4,155 8,19 9,19 10,19 11,19 0,20 1,20 2,20 3,20 4,18 4,20 5,20 2,10 3,16 6,20 7,20 2,10 7,20 2,10 2,10 8,155 2,10 2,10 2,10 8,20 9,20 6,14 6,16 6,14 6,16 6,14 6,14 0,156 4,52 8,46 4,156 8,156 2,10 2,10 4,10 8,3 7,1 4,17 7,1 7,1 7,1 1,15 7,1 7,1 10,20 11,20 0,21 1,21 2,21 3,21 4,21 5,21 6,21 7,21 8,21 9,21 7,1 4,17 7,1 7,1 7,1 7,1 5,10 2,10 2,10 2,10 2,10 0,157 4,52 0,47 4,43 0,41 4,41 0,41 4,41 0,41 4,41 0,41 8,79 8,46 8,133 8,0 1,3 11,2 10,2 11,2 10,2 9,4 9,2 9,4 9,2 10,4 9,2 8,0 9,2 8,0 9,2 8,0 9,2 8,0 0,134 8,46 8,71
0,42 4,46 0,48 4,157 10,21 11,21 0,22 1,22 2,22 3,22 4,22 5,22 6,22 7,22 8,22 2,10 2,10 2,14 1,14 9,22 3,14 3,18 1,14 2,10 8,157 2,10 10,22 2,10 2,10 8,20 7,13 7,13 7,13 7,13 7,13 7,13 0,158 4,158 8,46 8,158 0,159 2,10 11,22 6,1 7,1 7,1 1,15 8,3 7,1 4,17 7,1 8,3 0,23 1,23 2,23 3,23 4,23 5,23 6,23 7,23 8,23 9,23 10,23 11,23 0,24 1,24 8,3 1,15 1,15 7,1 4,17 10,3 2,24 2,10 3,24 2,10 4,159 0,152 8,46 8,71 8,45 8,47 8,45 0,46 8,45 0,46 4,47 8,79 8,46 8,133 8,0 0,2 11,5 1,4 10,1 0,4 8,1 11,1 10,1 0,2 10,1 11,1 10,1 11,1 10,1 11,1 10,1 11,1 8,0 8,159 8,46 8,71
8,79 8,46 0,160 4,160 6,12 2,10 4,24 5,24 6,24 7,24 8,24 9,24 2,10 10,24 11,13 11,13 4,16 11,24 2,10 11,24 4,16 3,16 2,10 2,10 8,160 2,10 0,25 1,25 2,10 2,10 2,10 2,10 2,10 2,10 2,10 2,10 2,10 0,161 8,46 4,161 2,10 2,10 2,10 4,10 7,1 9,3 7,1 9,3 7,1 7,1 1,15 7,1 2,25 3,25 4,25 5,25 6,25 7,25 8,25 9,25 10,25 11,25 0,26 1,26 2,26 3,26 7,1 7,1 7,1 7,1 9,3 5,10 2,10 2,10 4,26 2,10 2,10 8,161 8,46 8,71 0,41 4,41 0,41 4,41 0,41 4,44 0,41 0,162 8,46 4,162 8,0 8,0 8,0 8,5 8,0 9,2 8,0 7,5 10,4 9,2 8,0 8,5 8,0 9,2 8,0 9,2 8,0 8,0 8,0 8,162 8,46 0,83
4,46 8,46 0,163 5,26 2,10 2,10 1,14 2,10 6,26 2,10 7,26 2,14 2,10 11,13 11,13 0,14 1,14 2,14 3,14 9,22 1,14 8,26 2,10 4,163 8,163 2,10 1,14 2,14 1,14 2,14 1,14 2,14 1,14 9,22 1,14 2,10 0,164 4,164 8,46 0,154 8,164 2,10 2,10 4,10 7,1 7,1 7,1 7,1 7,1 7,1 9,3 7,1 9,26 10,26 11,26 0,27 1,27 2,27 3,27 4,27 5,27 6,27 7,27 8,27 9,27 10,27 4,17 7,1 7,1 7,1 1,15 5,10 2,10 2,14 3,14 2,10 0,165 4,165 8,46 8,71 8,45 0,46 8,45 0,46 8,45 8,47 8,45 8,79 8,46 8,165 0,166 8,0 10,1 0,4 10,1 11,1 10,1 11,1 10,1 1,4 8,1 9,1 10,1 11,1 10,1 11,1 10,1 8,0 4,166 0,91 8,46 0,83
8,46 0,48 8,166 5,26 2,10 11,27 0,28 0,28 1,28 2,28 0,28 3,28 3,28 5,16 11,13 5,16 2,10 3,16 2,10 3,16 4,28 2,10 2,10 0,167 2,10 2,10 4,16 5,28 2,16 3,16 4,16 3,16 4,16 3,16 2,10 2,10 4,167 8,84 8,46 0,93 8,167 2,10 2,10 6,28 7,28 7,1 7,1 1,15 8,3 7,1 7,1 7,1 1,15 7,1 7,1 7,1 4,17 4,17 8,3 7,1 1,15 7,1 7,1 1,15 7,1 7,1 7,1 7,1 7,1 7,1 7,1 5,10 2,10 3,16 0,25 2,10 0,168 8,84 0,85 4,85 8,41 4,41 0,44 4,41 0,41 0,42 4,42 4,46 8,46 4,156 4,168 8,0 8,0 8,0 8,0 8,0 8,0 8,0 8,0 8,0 8,0 8,0 8,0 8,0 8,0 10,2 8,0 8,0 8,168 8,84 0,85 4,85
8,46 0,169 4,169 6,12 2,10 8,26 10,22 2,10 2,10 8,28 9,28 2,10 2,10 2,14 1,14 9,22 1,14 2,14 10,22 2,14 10,28 2,10 8,169 0,170 2,10 2,14 1,14 2,14 11,28 9,22 3,14 2,14 3,14 2,14 2,10 0,164 4,164 8,46 8,46 8,46 4,170 2,10 2,10 2,10 6,28 7,28 7,1 7,1 8,3 8,3 7,1 7,1 9,3 8,3 9,3 7,1 9,3 7,1 1,15 1,15 7,1 4,17 7,1 7,1 7,1 7,1 1,15 9,3 1,15 7,1 7,1 5,10 2,10 8,26 2,10 2,10 8,170 8,46 8,71 8,47 8,45 0,46 8,45 8,63 4,42 4,46 8,46 8,46 0,48 0,171 4,171 8,171 7,2 7,2 7,2 7,2 7,2 7,2 7,2 7,2 7,2 7,2 7,2 8,2 8,0 8,0 8,0 0,172 0,91 8,46 8,71 0,46
8,46 4,172 5,26 2,10 2,10 3,16 2,10 0,29 2,10 2,10 1,29 2,29 2,10 2,10 2,10 3,16 2,16 5,28 2,10 3,16 2,10 2,10 8,172 2,10 2,10 3,16 4,16 3,16 2,10 3,16 2,10 3,16 2,10 2,10 2,10 0,173 8,84 0,85 8,92 8,46 4,173 8,173 2,10 2,10 2,10 6,28 3,29 7,28 1,15 1,15 7,1 9,3 7,1 7,1 7,1 9,3 7,1 8,3 7,1 9,3 7,1 7,1 7,1 7,1 7,1 9,3 7,1 7,1 4,29 5,29 7,1 5,10 2,10 3,16 2,10 0,174 4,165 8,46 8,71 4,41 0,41 4,41 0,42 4,46 8,46 0,48 4,174 8,174 0,175 4,175 7,1 7,1 7,1 1,15 7,1 7,1 8,3 1,15 7,1 7,1 7,1 8,3 7,1 4,11 7,2 7,2 8,175 8,99 8,84 0,85 4,85 4,41
8,46 0,176 4,176 6,29 2,10 7,29 1,14 8,29 3,14 2,10 2,10 1,28 9,29 2,10 10,29 10,29 10,29 9,22 1,14 2,14 2,10 8,176 0,177 2,10 1,14 8,26 1,14 9,22 3,14 8,26 3,14 2,10 2,10 4,177 8,177 0,178 8,46 8,71 4,92 8,92 0,93 4,178 8,173 2,10 2,10 2,10 2,10 6,28 3,29 7,28 7,1 7,1 7,1 7,1 8,3 7,1 7,1 7,1 1,15 7,1 7,1 7,1 7,1 1,15 7,1 7,1 7,1 11,29 0,30 1,30 2,30 5,10 2,10 8,26 2,10 4,159 0,152 8,46 8,71 0,46 8,45 8,43 4,46 0,48 4,174 8,178 0,179 7,1 7,1 7,1 7,1 7,1 9,3 9,3 1,15 8,3 7,1 7,1 7,1 7,1 7,1 8,3 7,1 7,1 7,1 7,1 4,179 8,84 0,85 8,112 8,45 0,46
8,46 0,93 8,179 5,26 2,10 3,16 2,10 1,25 4,16 3,30 2,10 2,10 8,28 4,30 5,30 6,30 10,29 10,29 2,10 5,28 2,10 0,180 2,10 2,10 2,10 5,28 2,10 7,20 2,10 7,20 2,10 2,10 4,180 8,180 8,84 8,46 0,85 4,85 8,41 4,92 8,92 0,93 4,178 8,173 2,10 2,10 2,10 2,10 2,10 6,28 3,29 3,29 7,28 8,3 7,1 1,15 7,1 7,1 4,17 7,1 9,3 8,3 7,1 7,1 1,15 7,1 7,1 7,30 8,30 9,30 10,30 5,10 2,10 3,16 2,10 2,10 0,181 8,46 8,71 8,44 0,42 4,46 0,48 4,181 8,181 11,30 11,30 7,28 7,1 7,1 9,3 9,3 9,3 7,1 7,1 7,1 7,1 7,1 8,3 7,1 8,3 7,1 8,3 0,31 11,30 0,182 4,182 8,46 8,71 4,41 0,41 4,41
8,92 8,46 8,182 5,26 2,10 2,10 1,14 2,14 3,24 2,14 10,22 2,10 2,10 2,10 10,29 1,31 2,31 2,10 2,10 2,10 2,10 0,183 2,10 2,10 2,10 2,14 1,14 3,31 1,14 8,26 1,14 2,10 4,183 4,146 4,52 8,46 8,71 0,46 8,45 0,46 4,92 8,92 0,93 8,183 0,184 4,184 2,10 2,10 2,10 2,10 2,10 2,10 4,31 3,29 3,29 3,29 3,29 3,29 3,29 3,29 3,29 3,29 3,29 3,29 3,29 3,29 7,28 5,31 6,31 7,31 8,31 5,10 2,10 2,14 2,10 4,180 4,164 8,46 8,71 0,42 4,46 0,48 8,184 0,185 9,31 9,31 9,31 10,31 11,30 11,30 11,30 11,30 11,30 11,30 11,30 11,30 11,30 11,30 11,30 11,30 11,30 11,30 11,30 11,31 9,31 4,185 8,185 4,52 0,47 4,43 8,45 0,46
8,79 8,46 0,186 4,186 6,29 2,10 2,10 5,28 4,16 3,16 0,25 5,28 2,16 5,28 2,10 2,10 0,32 1,32 2,32 3,32 1,32 4,32 3,32 5,32 2,10 2,10 2,10 2,10 4,16 3,16 2,10 2,10 2,10 4,159 4,146 4,52 0,47 4,43 0,41 4,41 0,41 8,186 8,92 8,46 0,93 0,187 4,187 8,187 2,10 11,13 11,13 11,13 11,13 11,13 11,13 11,13 11,13 11,13 11,13 11,13 11,13 11,13 11,13 11,13 11,13 11,13 6,32 7,32 8,32 9,32 10,32 11,32 2,10 2,10 2,10 0,188 8,84 0,85 4,188 4,46 0,48 8,184 8,188 9,31 9,31 0,33 9,31 9,31 9,31 9,31 9,31 9,31 9,31 9,31 9,31 9,31 9,31 9,31 9,31 9,31 9,31 9,31 9,31 9,31 9,31 9,31 0,189 8,185 4,52 0,47 4,43 4,41
4,92 8,92 0,93 4,189 5,26 2,10 2,10 2,14 10,22 2,14 3,24 8,26 1,14 9,22 1,33 2,10 2,10 2,10 2,10 2,10 2,10 8,189 0,190 2,33 3,33 4,30 4,33 2,10 1,14 8,26 1,14 8,26 2,10 2,10 4,190 4,158 8,46 8,71 8,45 0,46 0,45 0,46 4,92 0,120 8,92 8,46 0,93 8,190 0,191 4,191 8,191 11,13 11,13 11,13 11,13 11,13 11,13 11,13 11,13 11,13 11,13 0,14 1,14 0,14 1,14 11,13 3,28 3,28 0,28 0,28 0,28 0,28 2,10 2,10 0,192 4,192 8,46 8,71 8,79 8,46 8,192 0,193 9,31 9,31 5,33 6,33 5,33 9,31 9,31 9,31 9,31 9,31 5,33 6,33 5,33 6,33 5,33 6,33 7,33 8,33 5,33 6,33 9,33 10,33 5,33 9,31 9,31 4,193 8,193 8,46 8,71 4,45
0,41 8,79 8,46 0,176 0,194 6,29 2,10 2,10 2,16 5,28 4,28 1,25 4,16 7,20 0,28 3,30 2,10 5,28 2,10 5,28 2,10 4,194 8,194 10,29 10,29 10,29 11,33 2,10 2,16 0,34 0,25 11,24 2,10 2,10 2,10 0,195 8,46 8,71 0,41 4,41 0,41 4,41 0,41 4,41 4,92 4,101 8,92 8,46 8,46 0,93 0,187 4,195 8,195 0,196 4,196 8,195 8,196 0,197 11,13 4,197 11,13 11,13 11,13 5,16 11,13 5,16 2,10 0,34 0,25 5,28 2,10 2,10 2,10 8,197 8,180 8,84 0,85 4,85 0,96 8,46 0,198 9,31 9,31 0,33 9,31 1,34 9,31 9,31 4,198 8,198 0,199 9,31 9,31 2,34 9,31 0,33 3,34 0,33 9,31 0,33 4,34 2,34 4,34 0,33 4,34 0,33 9,31 9,31 4,199 8,46 8,71 4,41
8,45 8,79 8,46 4,156 8,199 0,200 6,29 2,10 2,10 2,10 5,34 2,14 3,14 7,29 1,14 2,14 6,34 2,14 1,14 7,34 2,10 2,10 4,200 10,29 8,34 4,28 2,10 2,10 1,14 2,14 1,14 9,22 1,14 2,10 9,34 8,200 4,52 0,47 4,43 0,46 8,45 0,46 4,47 0,46 8,45 8,47 4,92 8,122 4,101 8,92 8,46 8,46 8,46 8,46 8,46 8,46 0,93 8,183 0,201 4,201 4,187 8,201 2,10 2,10 2,10 2,10 2,10 2,10 2,10 2,10 2,10 0,202 4,202 8,202 8,84 0,85 4,85 0,42 4,46 0,48 0,203 9,31 5,33 6,33 5,33 9,31 9,31 4,203 8,203 0,204 4,204 8,204 9,31 9,31 5,33 6,33 7,33 6,33 5,33 6,33 7,33 6,33 5,33 6,33 5,33 6,33 5,33 9,31 0,205 4,52 0,47 4,43
0,41 8,79 8,46 0,155 4,205 10,34 11,34 5,14 2,18 2,10 2,10 3,30 2,16 5,28 2,16 3,16 2,10 0,34 2,10 0,35 4,16 2,10 8,205 2,10 0,25 1,35 2,16 5,28 2,35 3,16 2,35 3,16 2,10 2,10 7,12 0,206 4,206 8,46 8,71 4,41 0,41 4,41 0,41 4,41 0,41 4,44 0,41 4,41 0,41 8,186 4,101 4,101 0,120 4,101 0,120 4,101 8,92 8,46 8,46 8,46 0,93 8,190 8,206 0,207 4,207 8,187 2,10 8,207 0,208 0,207 4,208 8,208 8,84 8,46 0,85 4,85 0,41 0,162 8,46 0,209 4,209 9,31 9,31 1,34 9,31 9,31 8,209 0,210 4,210 8,210 4,210 0,211 4,211 9,31 9,31 1,34 9,31 0,33 4,34 0,33 9,31 0,33 9,31 0,33 9,31 2,34 9,31 9,31 8,211 8,193 8,46 0,83
4,47 8,79 8,46 0,212 6,14 6,14 7,18 5,18 3,35 2,18 2,10 8,26 1,14 4,35 1,14 8,26 3,14 8,26 6,34 2,10 2,10 2,10 4,212 2,10 1,14 2,14 1,14 3,18 3,14 2,14 3,24 2,14 3,24 2,10 2,10 5,35 8,212 8,46 8,71 0,46 8,45 0,46 8,45 0,46 8,45 4,45 8,45 0,46 8,45 0,46 8,45 0,46 8,45 0,46 8,45 0,46 4,92 4,101 4,101 4,101 8,92 8,46 8,46 8,46 0,93 8,190 0,213 8,208 8,84 8,46 8,46 8,46 0,85 8,122 8,112 0,46 8,45 8,79 8,46 4,213 9,31 9,31 5,33 6,33 5,33 9,31 9,31 8,213 0,214 0,204 4,214 8,214 9,31 9,31 5,33 10,33 5,33 6,33 5,33 6,33 5,33 6,33 5,33 6,33 7,33 6,33 5,33 9,31 9,31 0,215 8,46 8,71
0,42 4,46 0,48 4,215 6,14 6,16 6,35 6,16 6,14 7,35 2,10 3,30 2,10 3,16 2,10 2,10 2,10 2,10 2,10 2,10 4,14 8,215 0,216 2,10 2,10 2,10 2,16 3,16 2,16 5,28 4,16 3,16 2,10 2,10 9,34 4,216 8,216 8,46 8,71 4,41 0,41 4,41 0,41 4,41 8,41 8,44 0,41 4,41 0,41 4,41 0,41 4,41 0,41 4,41 0,41 4,41 0,41 4,41 8,41 0,42 4,46 8,46 8,46 8,46 8,46 8,46 8,46 8,46 0,85 8,122 4,101 8,122 4,85 8,44 0,44 4,41 0,41 8,79 8,46 0,217 4,217 9,31 9,31 0,33 9,31 0,33 9,31 9,31 8,217 0,218 4,218 9,31 9,31 0,33 4,34 0,33 9,31 9,31 9,31 9,31 9,31 9,31 9,31 9,31 4,34 2,34 9,31 9,31 8,218 0,219 8,46 8,71
8,79 8,46 0,169 4,219 8,35 5,18 7,18 5,18 9,35 10,35 2,10 8,26 1,14 2,10 2,10 2,10 4,14 5,14 5,14 5,14 6,14 8,219 3,35 5,14 2,18 2,10 2,10 0,28 6,34 2,14 3,14 11,35 0,36 2,10 5,35 0,220 8,84 0,85 4,85 8,47 8,45 0,46 8,45 0,46 4,47 0,42 4,42 4,42 4,42 4,43 8,45 0,46 4,47 0,46 8,45 0,46 8,45 0,46 0,42 4,46 8,46 8,46 8,46 8,46 8,46 8,46 0,85 4,101 4,85 0,46 0,45 0,46 8,45 0,46 8,45 0,46 8,45 8,186 8,92 0,93 4,220 9,31 5,33 10,33 7,33 6,33 7,33 9,31 9,31 9,31 9,31 9,31 5,33 10,33 7,33 8,33 5,33 9,31 4,203 8,220 8,198 0,221 4,221 9,31 5,33 6,33 5,33 9,31 8,221 8,84 0,85 8,112
8,79 8,46 0,222 4,12 1,36 7,13 7,13 7,13 10,35 2,10 2,10 0,34 2,10 2,10 4,14 5,14 6,14 6,16 6,14 6,16 6,14 4,222 6,14 2,36 3,35 5,14 2,18 2,10 3,36 4,36 5,36 3,16 2,10 2,10 5,35 8,222 8,46 8,71 0,44 4,44 8,41 4,41 8,41 0,42 8,42 4,46 8,46 8,46 8,46 0,47 4,42 4,43 0,41 4,41 0,41 4,41 0,41 8,43 4,46 0,48 0,223 4,223 0,130 4,130 8,130 4,52 0,47 4,43 0,41 4,41 0,41 4,41 0,41 4,41 0,41 4,41 0,41 4,41 0,96 8,46 8,223 9,31 9,31 0,33 9,31 2,34 9,31 0,33 9,31 2,34 9,31 0,33 9,31 1,34 9,31 1,34 9,31 9,31 0,224 8,210 4,210 8,210 4,224 9,31 9,31 2,34 9,31 9,31 8,224 8,46 8,71 4,41
8,79 8,46 0,225 4,225 5,26 2,10 2,10 2,10 2,10 2,10 6,34 2,14 2,10 2,10 4,18 5,18 7,18 5,18 6,18 6,36 6,14 8,225 6,14 5,18 7,18 7,36 7,35 2,10 0,36 8,36 9,36 10,36 2,10 9,34 0,226 8,216 8,46 8,71 8,45 0,46 8,45 0,46 0,42 4,46 8,46 0,48 4,124 4,226 4,133 4,52 8,46 0,47 4,43 0,46 8,45 0,46 8,45 8,79 8,46 8,158 8,226 2,10 2,10 2,10 0,227 4,227 8,46 8,71 8,45 4,45 8,45 0,46 0,45 0,46 8,45 0,46 8,45 8,47 0,96 8,46 0,217 8,227 9,31 9,31 5,33 6,33 5,33 10,33 5,33 6,33 5,33 9,31 9,31 9,31 9,31 9,31 5,33 9,31 0,228 4,228 8,228 0,229 4,218 9,31 5,33 9,31 9,31 4,229 0,219 8,46 4,131 0,46
4,92 8,92 0,93 8,179 5,26 2,10 2,10 3,16 2,10 5,28 4,26 3,16 2,10 11,36 9,20 6,16 6,14 6,16 6,14 0,37 6,14 8,229 6,14 6,16 6,35 6,16 7,35 2,10 1,37 2,37 3,37 4,37 2,10 0,230 4,230 8,84 0,85 4,85 0,41 4,44 0,41 0,42 4,46 0,48 0,223 8,230 0,231 2,10 4,231 8,231 8,130 4,52 0,47 8,42 4,42 4,42 0,43 0,232 8,46 4,232 2,10 2,10 2,10 2,10 2,10 8,232 8,46 8,71 0,41 4,41 0,41 4,41 0,41 4,41 0,41 8,44 0,41 4,41 4,92 8,92 0,93 0,233 4,233 9,31 9,31 0,33 9,31 0,33 4,34 0,33 9,31 9,31 8,233 0,234 0,199 9,31 9,31 9,31 9,31 9,31 9,31 9,31 9,31 9,31 9,31 9,31 4,234 8,234 8,84 0,85 4,85 4,41
8,45 8,79 8,46 0,235 5,26 2,10 2,10 2,14 1,14 2,14 6,34 9,22 2,10 2,10 4,18 5,18 6,18 5,18 7,18 6,14 6,14 4,235 6,14 6,14 6,14 6,14 5,37 6,37 6,37 7,37 7,37 8,235 0,236 4,236 8,84 0,85 4,85 4,45 8,45 0,46 0,45 8,79 8,46 0,142 8,236 2,10 2,10 1,16 2,10 2,10 0,227 8,149 4,52 8,46 8,46 8,46 8,46 8,46 8,46 4,173 0,237 2,10 2,10 2,10 4,237 4,165 8,46 8,71 8,45 0,46 8,45 0,46 8,45 0,46 8,45 0,46 8,45 0,46 4,47 4,92 8,92 0,93 8,237 0,238 9,31 9,31 5,33 6,33 5,33 10,33 7,33 9,31 4,238 0,204 8,238 9,31 5,33 6,33 5,33 6,33 5,33 6,33 5,33 9,31 9,31 0,239 4,239 8,84 0,85 4,85 8,45 0,46
0,41 0,162 8,46 0,225 8,239 6,29 2,10 2,10 2,10 5,28 2,16 3,16 2,10 2,10 8,20 7,13 9,20 6,16 6,14 6,14 0,240 4,240 8,240 0,241 4,241 8,241 10,34 0,242 4,242 8,242 0,243 4,243 8,84 8,46 0,85 4,85 0,41 4,41 8,41 4,41 0,41 0,162 8,46 8,243 2,10 2,10 11,36 8,37 5,20 2,10 2,10 0,244 4,244 8,244 4,141 0,245 0,141 0,133 4,245 0,93 0,187 8,245 0,246 4,246 8,208 8,84 0,85 4,85 0,41 4,41 8,41 4,41 0,41 4,41 0,41 4,41 0,41 4,41 0,41 4,41 4,92 8,92 0,93 0,233 8,246 9,31 9,31 9,31 9,31 0,33 9,31 9,31 0,247 4,247 8,247 9,31 9,31 0,33 9,31 0,33 4,34 9,31 9,31 9,31 0,239 4,239 8,84 0,85 4,85 4,41 0,41 4,41
0,45 4,92 8,92 0,93 0,248 4,248 6,37 6,29 2,10 2,10 2,10 2,10 2,10 2,10 2,10 2,10 9,37 8,35 6,14 8,248 0,249 8,84 8,46 8,46 0,93 4,249 8,249 0,250 8,84 8,46 8,46 8,46 0,85 8,122 4,85 0,46 8,45 0,46 8,45 0,46 8,45 8,79 8,46 4,173 4,250 2,10 2,10 10,37 2,10 2,10 8,250 0,251 4,251 2,10 2,10 2,10 2,10 2,10 8,251 4,52 8,46 8,46 8,46 8,46 8,46 0,85 4,85 0,46 8,45 0,46 0,45 4,45 8,45 0,46 0,45 0,46 8,45 0,46 4,47 0,46 8,45 4,92 8,92 0,93 0,252 4,252 8,252 9,31 9,31 9,31 9,31 9,31 9,31 9,31 9,31 9,31 5,33 10,33 9,31 9,31 9,31 9,31 0,253 4,253 8,253 8,84 0,85 8,112 8,45 0,46 4,47 0,46
0,41 4,41 4,92 8,92 0,93 0,254 4,254 8,254 6,37 6,37 6,37 6,29 2,10 9,34 6,37 6,37 4,12 0,255 4,255 8,255 8,84 0,85 4,101 4,101 8,92 8,46 8,46 8,46 0,85 4,101 4,101 4,101 4,85 4,41 0,41 4,41 0,41 4,41 0,41 4,41 0,41 4,92 8,92 0,93 8,190 0,256 4,184 2,10 4,256 8,256 0,257 4,257 8,156 2,10 2,10 5,28 2,10 2,10 8,257 0,258 0,130 0,125 4,258 8,258 8,46 8,71 0,41 4,41 0,41 8,44 0,41 4,41 8,41 4,41 0,41 4,41 0,41 4,41 0,41 4,41 0,44 4,41 0,117 8,92 8,46 0,93 0,259 4,259 8,259 0,260 9,31 9,31 9,31 9,31 9,31 9,31 9,31 9,31 9,31 4,260 8,260 0,261 8,253 8,84 8,46 0,85 4,85 4,41 0,41 4,41 0,41 8,44
8,45 0,46 4,47 4,92 8,92 8,46 0,93 4,261 8,261 8,242 0,262 4,262 6,37 8,262 0,263 8,242 0,243 4,243 8,84 8,46 0,85 4,85 8,45 0,46 4,92 4,101 4,101 4,101 4,85 0,46 8,45 0,46 8,45 0,46 8,45 0,46 8,45 0,46 8,45 0,46 8,45 0,46 4,92 8,92 8,46 0,93 0,187 4,263 8,202 8,263 0,264 4,264 8,264 2,10 2,10 2,10 2,10 2,10 2,10 2,10 2,10 2,10 2,10 0,265 8,46 8,71 8,45 0,46 8,45 0,46 8,45 0,46 8,45 0,46 8,45 0,46 8,45 0,46 8,45 0,46 8,45 0,46 8,45 4,92 4,101 8,92 8,46 8,46 0,93 0,259 4,265 8,265 8,265 0,266 4,266 8,266 8,265 8,265 0,267 4,267 8,84 8,46 8,46 0,85 4,101 4,85 4,47 0,46 8,45 0,46 8,45 0,46
0,41 4,44 0,41 4,41 4,92 4,101 8,92 8,46 8,46 8,46 0,93 8,267 0,268 4,243 8,84 8,46 8,46 8,46 0,85 4,101 4,85 4,41 0,41 4,41 0,44 4,41 8,41 8,44 0,41 4,41 0,41 4,41 8,41 4,41 0,41 4,41 0,41 4,41 0,41 4,41 0,41 4,41 0,41 8,186 4,101 8,92 8,46 8,46 8,46 4,268 8,268 2,10 0,269 4,269 8,269 4,196 0,270 4,270 2,10 11,36 11,36 5,20 2,10 8,270 8,46 4,131 0,41 4,41 0,44 4,41 0,41 4,41 0,41 4,41 0,41 4,41 0,41 4,41 0,41 4,41 8,41 4,41 0,41 4,41 0,44 4,92 4,101 4,101 8,92 8,46 8,46 8,46 8,46 8,46 8,46 8,46 8,46 8,46 8,46 8,46 0,85 4,101 4,101 4,85 0,41 4,41 0,41 8,44 0,41 4,41 0,41 4,41
8,45 0,46 8,45 0,46 8,45 8,47 4,92 4,101 4,101 4,101 8,92 8,46 8,46 8,46 0,85 0,120 4,101 4,101 4,85 0,46 8,45 0,46 8,45 0,46 8,45 0,46 8,45 0,46 8,45 0,46 8,45 0,46 8,45 0,46 8,45 0,46 8,45 0,46 8,45 0,46 8,45 0,46 8,45 0,46 8,45 4,92 4,101 8,92 8,46 0,271 2,10 2,10 2,10 4,271 8,84 8,46 0,93 8,271 2,10 2,10 2,10 2,10 2,10 0,272 8,46 8,71 8,45 0,46 8,45 0,46 0,45 0,46 8,45 0,46 8,45 0,46 8,45 0,46 0,45 8,47 8,45 0,46 8,45 0,46 8,45 0,46 8,45 0,46 4,92 4,101 0,120 4,101 4,101 4,101 4,101 4,101 4,101 4,101 4,101 4,101 4,85 0,46 8,45 0,46 4,47 0,46 8,45 0,46 8,45 0,46 8,45 0,46
0,41 4,44 0,41 4,41 0,41 4,41 8,41 4,44 0,41 4,41 4,92 4,101 4,101 4,101 8,112 8,44 0,44 4,41 0,41 4,41 0,41 4,41 0,41 4,41 0,41 4,41 0,41 4,41 0,41 4,41 0,41 4,41 0,41 4,41 0,41 4,41 0,41 4,41 8,41 4,41 0,44 4,41 0,41 4,41 0,41 4,41 0,41 8,79 8,46 4,272 8,272 2,10 0,273 4,165 8,46 8,46 8,46 4,273 8,273 0,207 0,207 4,196 0,274 4,274 8,46 8,71 0,41 4,41 0,41 4,44 0,41 8,44 0,41 4,41 0,41 4,41 0,41 4,41 0,41 4,41 0,41 4,41 0,41 4,41 0,41 4,41 0,41 4,41 0,41 4,44 0,41 4,41 8,41 4,41 0,41 4,41 0,41 4,41 0,41 4,41 0,41 4,41 0,41 4,41 0,41 4,41 8,41 4,41 0,41 4,41 0,41 4,44
8,45 4,45 8,45 4,45 8,45 0,46 8,45 8,47 8,45 0,46 8,45 0,46 8,45 0,46 8,45 0,46 8,45 0,46 4,47 0,46 4,47 0,46 8,45 0,46 8,45 0,46 8,45 0,46 8,45 0,46 8,45 8,47 8,45 8,47 8,45 0,46 8,45 0,46 8,45 0,46 4,47 0,46 8,45 0,46 8,45 0,46 8,45 4,92 8,92 0,93 0,187 8,274 4,236 8,84 0,85 0,120 8,92 8,46 8,46 8,46 8,46 8,46 8,46 8,46 0,85 4,85 8,45 0,46 8,45 4,45 8,45 0,46 8,45 0,46 8,45 0,46 8,45 0,46 4,47 0,46 4,47 0,46 8,45 4,45 8,45 0,46 8,45 8,47 8,45 0,46 8,45 0,46 8,45 0,46 8,45 0,46 4,47 0,46 8,45 4,45 8,45 0,46 8,45 0,46 8,45 0,46 8,45 0,46 8,45 0,46 8,45 0,46
0,41 4,41 0,41 4,41 0,41 4,41 0,41 4,44 0,41 4,41 0,41 4,41 0,41 4,41 0,41 8,44 0,44 4,41 0,44 4,41 0,41 4,41 0,41 4,41 0,41 4,41 8,41 4,41 0,44 4,41 0,41 4,41 0,41 4,41 0,41 4,41 0,41 4,41 0,41 4,41 0,41 4,41 0,41 4,41 0,41 4,41 0,41 4,41 8,79 8,46 8,46 8,46 8,46 8,46 8,71 4,41 4,92 4,101 4,101 0,120 8,122 4,101 8,122 0,120 4,85 4,41 0,41 4,41 0,41 8,44 0,41 4,41 0,41 4,41 0,41 4,41 0,41 4,41 0,41 4,41 0,41 4,41 0,41 4,41 0,41 4,41 8,41 8,44 8,41 8,44 0,41 8,44 0,41 4,41 0,41 4,41 0,41 4,41 0,41 4,41 0,41 4,41 0,41 4,41 0,41 4,41 0,41 4,41 0,41 4,41 8,41 8,44
layer upper
- - - - - - - - - - - - - - - - - - - - - - - - - - - - - - - - - - - - - - - - - - - - - - - - - - - - - - - - - - - - - - - - - - - - - - - - - - - - - - - - - - - - - - - - - - - - - - - - - - - - - - - - - - - - - - - -
- - - - - - - - - - - - - - - - - - - - - - - - - - - - - - - - - - - - - - - - - - - - - - - - - - - - - - - - - - - - - - - - - - - - - - - - - - - - - - - - - - - - - - - - - - - - - - - - - - - - - - - - - - - - - - - -
- - - - - - - - - - - - - - - - - - - - - - - - - - - - - - - - - - - - - - - - - - - - - - - - - - - - - - - - - - - - - - - - - - - - - - - - - - - - - - - - - - - - - - - - - - - - - - - - - - - - - - - - - - - - - - - -
- - - - - - - - - - - - - - - - - - - - - - - - - - - - - - - - - - - - - - - - - - - - - - - - - - - - - - - - - - - - - - - - - - - - - - - - - - - - - - - - - - - - - - - - - - - - - - - - - - - - - - - - - - - - - - - -
- - - - - - - - - - - - - - - - - - - - - - - - - - - - - - - - - - - - - - - - - - - - - - - - - - - - - - - - - - - - - - - - - - - - - - - - - - - - - - - - - - - - - - - - - - - - - - - - - - - - - - - - - - - - - - - -
- - - - - - - - - - - - - - - - - - - - - - - - - - - - - - - - - - - - - - - - - - - - - - - - - - - - - - - - - - - - - - - - - - - - - - - - - - - - - - - - - - - - - - - - - - - - - - - - - - - - - - - - - - - - - - - -
- - - - - - - - - - - - - - - - - - - - - - - - - - - - - - - - - - - - - - - - - - - - - - - - - - - - - - - - - - - - - - - - - - - - - - - - - - - - - - - - - - - - - - - - - - - - - - - - - - - - - - - - - - - - - - - -
- - - - - - - - - - - - - - - - - - - - - - - - - - - - - - - - - - - - - - - - - - - - - - - - - - - - - - - - - - - - - - - - - - - - - - - - - - - - - - - - - - - - - - - - - - - - - - - - - - - - - - - - - - - - - - - -
- - - - - - - - - - - - - - - - - - - - - - - - - - - - - - - - - - - - - - - - - - - - - - - - - - - - - - - - - - - - - - - - - - - - - - - - - - - - - - - - - - - - - - - - - - - - - - - - - - - - - - - - - - - - - - - -
- - - - - - - - - - - - - - - - - - - - - - - - - - - - - - - - - - - - - - - - - - - - - - - - - - - - - - - - - - - - - - - - - - - - - - - - - - - - - - - - - - - - - - - - - - - - - - - - - - - - - - - - - - - - - - - -
- - - - - - - - - - - - - - - - - - - - - - - - - - - - - - - - - - - - - - - - - - - - - - - - - - - - - - - - - - - - - - - - - - - - - - - - - - - - - - - - - - - - - - - - - - - - - - - - - - - - - - - - - - - - - - - -
- - - - - - - - - - - - - - - - - - - - - - - - - - - - - - - - - - - - - - - - - - - - - - - - - - - - - - - - - - - - - - - - - - - - - - - - - - - - - - - - - - - - - - - - - - - - - - - - - - - - - - - - - - - - - - - -
- - - - - - - - - - - - - - - - - - - - - - - - - - - - - - - - - - - - - - - - - - - - - - - - - - - - - - - - - - - - - - - - - - - - - - - - - - - - - - - - - - - - - - - - - - - - - - - - - - - - - - - - - - - - - - - -
- - - - - - - - - - - - - - - - - - - - - - - - - - - - - - - - - - - - - - - - - - - - - - - - - - - - - - - - - - - - - - - - - - - - - - - - - - - - - - - - - - - - - - - - - - - - - - - - - - - - - - - - - - - - - - - -
- - - - - - - - - - - - - - - - - - - - - - - - - - - - - - - - - - - - - - - - - - - - - - - - - - - - - - - - - - - - - - - - - - - - - - - - - - - - - - - - - - - - - - - - - - - - - - - - - - - - - - - - - - - - - - - -
- - - - - - - - - - - - - - - - - - - - - - - - - - - - - - - - - - - - - - - - - - - - - - - - - - - - - - - - - - - - - - - - - - - - - - - - - - - - - - - - - - - - - - - - - - - - - - - - - - - - - - - - - - - - - - - -
- - - - - - - - - - - - - - - - - - - - - - - - - - - - - - - - - - - - - - - - - - - - - - - - - - - - - - - - - - - - - - - - - - - - - - - - - - - - - - - - - - - - - - - - - - - - - - - - - - - - - - - - - - - - - - - -
- - - - - - - - - - - - - - - - - - - - - - - - - - - - - - - - - - - - - - - - - - - - - - - - - - - - - - - - - - - - - - - - - - - - - - - - - - - - - - - - - - - - - - - - - - - - - - - - - - - - - - - - - - - - - - - -
- - - - - - - - - - - - - - - - - - - - - - - - - - - - - - - - - - - - - - - - - - - - - - - - - - - - - - - - - - - - - - - - - - - - - - - - - - - - - - - - - - - - - - - - - - - - - - - - - - - - - - - - - - - - - - - -
- - - - - - - - - - - - - - - - - - - - - - - - - - - - - - - - - - - - - - - - - - - - - - - - - - - - - - - - - - - - - - - - - - - - - - - - - - - - - - - - - - - - - - - - - - - - - - - - - - - - - - - - - - - - - - - -
- - - - - - - - - - - - - - - - - - - - - - - - - - - - - - - - - - - - - - - - - - - - - - - - - - - - - - - - - - - - - - - - - - - - - - - - - - - - - - - - - - - - - - - - - - - - - - - - - - - - - - - - - - - - - - - -
- - - - - - - - - - - - - - - - - - - - - - - - - - - - - - - - - - - - - - - - - - - - - - - - - - - - - - - - - - - - - - - - - - - - - - - - - - - - - - - - - - - - - - - - - - - - - - - - - - - - - - - - - - - - - - - -
- - - - - - - - - - - - - - - - - - - - - - - - - - - - - - - - - - - - - - - - - - - - - - - - - - - - - - - - - - - - - - - - - - - - - - - - - - - - - - - - - - - - - - - - - - - - - - - - - - - - - - - - - - - - - - - -
- - - - - - - - - - - - - - - - - - - - - - - - - - - - - - - - - - - - - - - - - - - - - - - - - - - - - - - - - - - - - - - - - - - - - - - - - - - - - - - - - - - - - - - - - - - - - - - - - - - - - - - - - - - - - - - -
- - - - - - - - - - - - - - - - - - - - - - - - - - - - - - - - - - - - - - - - - - - - - - - - - - - - - - - - - - - - - - - - - - - - - - - - - - - - - - - - - - - - - - - - - - - - - - - - - - - - - - - - - - - - - - - -
- - - - - - - - - - - - - - - - - - - - - - - - - - - - - - - - - - - - - - - - - - - - - - - - - - - - - - - - - - - - - - - - - - - - - - - - - - - - - - - - - - - - - - - - - - - - - - - - - - - - - - - - - - - - - - - -
- - - - - - - - - - - - - - - - - - - - - - - - - - - - - - - - - - - - - - - - - - - - - - - - - - - - - - - - - - - - - - - - - - - - - - - - - - - - - - - - - - - - - - - - - - - - - - - - - - - - - - - - - - - - - - - -
- - - - - - - - - - - - - - - - - - - - - - - - - - - - - - - - - - - - - - - - - - - - - - - - - - - - - - - - - - - - - - - - - - - - - - - - - - - - - - - - - - - - - - - - - - - - - - - - - - - - - - - - - - - - - - - -
- - - - - - - - - - - - - - - - - - - - - - - - - - - - - - - - - - - - - - - - - - - - - - - - - - - - - - - - - - - - - - - - - - - - - - - - - - - - - - - - - - - - - - - - - - - - - - - - - - - - - - - - - - - - - - - -
- - - - - - - - - - - - - - - - - - - - - - - - - - - - - - - - - - - - - - - - - - - - - - - - - - - - - - - - - - - - - - - - - - - - - - - - - - - - - - - - - - - - - - - - - - - - - - - - - - - - - - - - - - - - - - - -
- - - - - - - - - - - - - - - - - - - - - - - - - - - - - - - - - - - - - - - - - - - - - - - - - - - - - - - - - - - - - - - - - - - - - - - - - - - - - - - - - - - - - - - - - - - - - - - - - - - - - - - - - - - - - - - -
- - - - - - - - - - - - - - - - - - - - - - - - - - - - - - - - - - - - - - - - - - - - - - - - - - - - - - - - - - - - - - - - - - - - - - - - - - - - - - - - - - - - - - - - - - - - - - - - - - - - - - - - - - - - - - - -
- - - - - - - - - - - - - - - - - - - - - - - - - - - - - - - - - - - - - - - - - - - - - - - - - - - - - - - - - - - - - - - - - - - - - - - - - - - - - - - - - - - - - - - - - - - - - - - - - - - - - - - - - - - - - - - -
- - - - - - - - - - - - - - - - - - - - - - - - - - - - - - - - - - - - - - - - - - - - - - - - - - - - - - - - - - - - - - - - - - - - - - - - - - - - - - - - - - - - - - - - - - - - - - - - - - - - - - - - - - - - - - - -
- - - - - - - - - - - - - - - - - - - - - - - - - - - - - - - - - - - - - - - - - - - - - - - - - - - - - - - - - - - - - - - - - - - - - - - - - - - - - - - - - - - - - - - - - - - - - - - - - - - - - - - - - - - - - - - -
- - - - - - - - - - - - - - - - - - - - - - - - - - - - - - - - - - - - - - - - - - - - - - - - - - - - - - - - - - - - - - - - - - - - - - - - - - - - - - - - - - - - - - - - - - - - - - - - - - - - - - - - - - - - - - - -
- - - - - - - - - - - - - - - - - - - - - - - - - - - - - - - - - - - - - - - - - - - - - - - - - - - - - - - - - - - - - - - - - - - - - - - - - - - - - - - - - - - - - - - - - - - - - - - - - - - - - - - - - - - - - - - -
- - - - - - - - - - - - - - - - - - - - - - - - - - - - - - - - - - - - - - - - - - - - - - - - - - - - - - - - - - - - - - - - - - - - - - - - - - - - - - - - - - - - - - - - - - - - - - - - - - - - - - - - - - - - - - - -
- - - - - - - - - - - - - - - - - - - - - - - - - - - - - - - - - - - - - - - - - - - - - - - - - - - - - - - - - - - - - - - - - - - - - - - - - - - - - - - - - - - - - - - - - - - - - - - - - - - - - - - - - - - - - - - -
- - - - - - - - - - - - - - - - - - - - - - - - - - - - - - - - - - - - - - - - - - - - - - - - - - - - - - - - - - - - - - - - - - - - - - - - - - - - - - - - - - - - - - - - - - - - - - - - - - - - - - - - - - - - - - - -
- - - - - - - - - - - - - - - - - - - - - - - - - - - - - - - - - - - - - - - - - - - - - - - - - - - - - - - - - - - - - - - - - - - - - - - - - - - - - - - - - - - - - - - - - - - - - - - - - - - - - - - - - - - - - - - -
- - - - - - - - - - - - - - - - - - - - - - - - - - - - - - - - - - - - - - - - - - - - - - - - - - - - - - - - - - - - - - - - - - - - - - - - - - - - - - - - - - - - - - - - - - - - - - - - - - - - - - - - - - - - - - - -
- - - - - - - - - - - - - - - - - - - - - - - - - - - - - - - - - - - - - - - - - - - - - - - - - - - - - - - - - - - - - - - - - - - - - - - - - - - - - - - - - - - - - - - - - - - - - - - - - - - - - - - - - - - - - - - -
- - - - - - - - - - - - - - - - - - - - - - - - - - - - - - - - - - - - - - - - - - - - - - - - - - - - - - - - - - - - - - - - - - - - - - - - - - - - - - - - - - - - - - - - - - - - - - - - - - - - - - - - - - - - - - - -
- - - - - - - - - - - - - - - - - - - - - - - - - - - - 11,37 0,38 1,38 2,38 - - - - - - - - - - - - - - - - - - - - - - - - - - - - - - - - - - - - - - - - - - - - - - - - - - - - - - - - - - - - - - - - - - - - - - - - - - - - - - - -
- - - - - - - - - - - - - - - - - - - - - - - - - - - 3,38 4,38 5,38 6,38 7,38 8,38 - - - - - - - - - - - - - - - - - - - - - - - - - - - - - - - - - - - - - - - - - - - - - - - - - - - - - - - - - - - - - - - - - - - - - - - - - - - - - - -
- - - - - - - - - - - - - - - - - - - - - - - - - - - 9,38 10,38 11,38 0,39 1,39 2,39 - - - - - - - - - - - - - - - - - - - - - - - - - - - - - - - - - - - - - - - - - - - - - - - - - - - - - - - - - - - - - - - - - - - - - - - - - - - - - - -
- - - - - - - - - - - - - - - - - - - - - - - - - - - 3,39 4,39 5,39 6,39 7,39 8,39 - - - - - - - - - - - - - - - - - - - - - - - - - - - - - - - - - - - - - - - - - - - - - - - - - - - - - - - - - - - - - - - - - - - - - - - - - - - - - - -
- - - - - - - - - - - - - - - - - - - - - - - - - - - 9,39 10,39 11,39 0,40 1,40 2,40 - - - - - - - - - - - - - - - - - - - - - - - - - - - - - - - - - - - - - - - - - - - - - - - - - - - - - - - - - - - - - - - - - - - - - - - - - - - - - - -
- - - - - - - - - - - - - - - - - - - - - - - - - - - - 3,40 4,40 5,40 - - - - - - - - - - - - - - - - - - - - - - - - - - - - - - - - - - - - - - - - - - - - - - - - - - - - - - - - - - - - - - - - - - - - - - - - - - - - - - - - -
- - - - - - - - - - - - - - - - - - - - - - - - - - - - 6,40 7,40 8,40 - - - - - - - - - - - - - - - - - - - - - - - - - - - - - - - - - - - - - - - - - - - - - - - - - - - - - - - - - - - - - - - - - - - - - - - - - - - - - - - - -
- - - - - - - - - - - - - - - - - - - - - - - - - - - - - - - - - - - - - - - - - - - - - - - - - - - - - - - - - - - - - - - - - - - - - - - - - - - - - - - - - - - - - - - - - - - - - - - - - - - - - - - - - - - - - - - -
- - - - - - - - - - - - - - - - - - - - - - - - - - - - - - - - - - - - - - - - - - - - - - - - - - - - - - - - - - - - - - - - - - - - - - - - - - - - - - - - - - - - - - - - - - - - - - - - - - - - - - - - - - - - - - - -
- - - - - - - - - - - - - - - - - - - - - - - - - - - - - - - - - - - - - - - - - - - - - - - - - - - - - - - - - - - - - - - - - - - - - - - - - - - - - - - - - - - - - - - - - - - - - - - - - - - - - - - - - - - - - - - -
- - - - - - - - - - - - - - - - - - - - - - - - - - - - - - - - - - - - - - - - - - - - - - - - - - - - - - - - - - - - - - - - - - - - - - - - - - - - - - - - - - - - - - - - - - - - - - - - - - - - - - - - - - - - - - - -
- - - - - - - - - - - - - - - - - - - - - - - - - - - - - - - - - - - - - - - - - - - - - - - - - - - - - - - - - - - - - - - - - - - - - - - - - - - - - - - - - - - - - - - - - - - - - - - - - - - - - - - - - - - - - - - -
- - - - - - - - - - - - - - - - - - - - - - - - - - - - - - - - - - - - - - - - - - - - - - - - - - - - - - - - - - - - - - - - - - - - - - - - - - - - - - - - - - - - - - - - - - - - - - - - - - - - - - - - - - - - - - - -
- - - - - - - - - - - - - - - - - - - - - - - - - - - - - - - - - - - - - - - - - - - - - - - - - - - - - - - - - - - - - - - - - - - - - - - - - - - - - - - - - - - - - - - - - - - - - - - - - - - - - - - - - - - - - - - -
- - - - - - - - - - - - - - - - - - - - - - - - - - - - - - - - - - - - - - - - - - - - - - - - - - - - - - - - - - - - - - - - - - - - - - - - - - - - - - - - - - - - - - - - - - - - - - - - - - - - - - - - - - - - - - - -
- - - - - - - - - - - - - - - - - - - - - - - - - - - - - - - - - - - - - - - - - - - - - - - - - - - - - - - - - - - - - - - - - - - - - - - - - - - - - - - - - - - - - - - - - - - - - - - - - - - - - - - - - - - - - - - -
- - - - - - - - - - - - - - - - - - - - - - - - - - - - - - - - - - - - - - - - - - - - - - - - - - - - - - - - - - - - - - - - - - - - - - - - - - - - - - - - - - - - - - - - - - - - - - - - - - - - - - - - - - - - - - - -
- - - - - - - - - - - - - - - - - - - - - - - - - - - - - - - - - - - - - - - - - - - - - - - - - - - - - - - - - - - - - - - - - - - - - - - - - - - - - - - - - - - - - - - - - - - - - - - - - - - - - - - - - - - - - - - -
- - - - - - - - - - - - - - - - - - - - - - - - - - - - - - - - - - - - - - - - - - - - - - - - - - - - - - - - - - - - - - - - - - - - - - - - - - - - - - - - - - - - - - - - - - - - - - - - - - - - - - - - - - - - - - - -
